	Kingdom	Phylum	Class	Order	Family	MK48-5-2455-DD-B	MK48-5-2455-HD-B	MK48-5-2461-DD-B	MK48-5-2461-HD-B	MK48-5-2470-DD-B	MK48-5-2470-HD-B	MK48-5-2476-DD-B	MK48-5-2476-HD-B	MK48-5-2488-DD-B	MK48-5-2488-HD-B	MK48-5-2612-DD-B	MK48-5-2612-HD-B	MK48-5-2623-DD-B	MK48-5-2623-HD-B	MK48-5-2636-DD-B	MK48-5-2636-HD-B	MK48-5-2637-DD-B	MK48-5-2637-HD-B	MK48-5-2641-DD-B	MK48-5-2641-HD-B	MK48-5-2642-DD-B	MK48-5-2642-HD-B	MK48-5-2649-DD-B	MK48-5-2649-HD-B	MK48-5-2657-DD-B	MK48-5-2657-HD-B	MK48-5-2664-DD-B	MK48-5-2664-HD-B	MK48-5-2667-DD-B	MK48-5-2667-HD-B	MK48-5-2692-DD-B	MK48-5-2692-HD-B	MK48-5-2696-DD-B	MK48-5-2696-HD-B
16	Bacteria	Pseudomonadota	Alphaproteobacteria	Hyphomicrobiales	Rhizobiaceae	0	0	0.000548576	0	0	0	0.000526062	0	0.000324307	0	0	0	0.006631825	0	0.004475703	0	0.000412286	0	0.001607857	0	0.0011994	0	0.016337233	0	0.00089507	0	0	0	0.002445871	0	0	0	0.008261732	0
11	Bacteria	Pseudomonadota	Alphaproteobacteria	Pelagibacterales	Clade I	0.000511449	0.000685279	0.002194306	0	0.00151398	0.001457589	0	0.000404556	0.0035944	0.001516419	0.00029159	0.000182983	0.000475116	0.000531279	0	0.000556209	0	0.000410896	0	0	0	0	0	0.000488998	0.000137703	0.005802708	0.000648073	0	0	0.000251042	0	0.000692521	0.001982816	0.000518075
13	Bacteria	Pseudomonadota	Alphaproteobacteria	Puniceispirillales	SAR116 clade	0	0	0.00093258	0.000269614	0.000901946	0.001363551	0	0.000342317	0.000864818	0.000418323	0.000263819	0.000274474	0.000435523	0.000250882	0.000137011	0.000149749	7.73E-05	0	0.000173822	0.000158797	0	0.000327418	0.000403388	0.000977995	0	0.011820331	0.000336038	0	0	0.000200833	0	0.001125346	0.001872659	0.000230256
32	Bacteria	Pseudomonadota	Alphaproteobacteria	Rhodobacterales	Paracoccaceae	0.011291211	0.002538071	0.140545285	0.029387975	0.003317871	0.02435584	0.021634299	0	0.012620939	0.003058983	0.008095086	0.001235133	0.032723601	0.003158159	0.206270552	0.001968125	0.013218924	0.003891427	0.365765687	0.001058649	0.013664596	0.004649335	0.730939895	0.000838282	0.019416139	0.021921341	0.00124814	0.00027356	0.002668223	0.001230105	0.011989762	0.005064058	0.406201807	0.002993323
23	Bacteria	Pseudomonadota	Alphaproteobacteria	Rhodospirillales	AEGEAN-169 marine group	0.000255724	0.000228426	0.001700587	0.001509841	0.000773096	0.00094038	0	0	0.002189071	0.002039322	5.55E-05	9.15E-05	0.000277151	0.000177093	9.13E-05	0.000192534	0.000257679	0.000241704	0.000130367	0	0.000257014	0.000130967	0	0.000419141	0.000103277	0.006232538	0.00062407	0.000102585	0	0.000125521	0.000269433	0.000519391	0.001321877	0.000172692
29	Bacteria	Pseudomonadota	Alphaproteobacteria	Rhodospirillales	Rhodospirillales	0.015776222	0	0	0.001401995	0	0.000564228	0.28096094	0.000622394	0.003891682	0.014301401	0.00645663	0.021271729	0.103100131	0.002390756	0	0	0	0	0	0	0.000385522	0.006089974	0	0.000558854	0	0	0.05285392	0.057823827	0.051363295	0.001104584	0	0	0	0
33	Bacteria	Bacteroidota	Bacteroidia	Cytophagales	Cyclobacteriaceae	5.90E-05	0	0	0	0	0.000329133	0.000197273	0	0	0	0.000222164	0	7.92E-05	0	9.13E-05	0	0	0.000725111	0	0	0	0	0	0	0	0	0	0	0	0	0	0	0.019001983	0
25	Bacteria	Bacteroidota	Bacteroidia	Flavobacteriales	Flavobacteriaceae	0.004740735	0.005583756	0.022491634	0.025613373	0.012015204	0.090793681	0.00291526	0.002240617	0.013701962	0.021700481	0.002318833	0.002287283	0.010828681	0.006700019	0.014591706	0.003893465	0.00304061	0.003794745	0.014166522	0.003969934	0.001841936	0.001506123	0.018152481	0.000279427	0.001377031	0.025145068	0.002016226	0.000376146	0.023207982	0.000251042	0.004131304	0.009868421	0.04064772	0.003943127
66	Bacteria	Acidobacteriota	Blastocatellia	Blastocatellales	Blastocatellaceae	0.004366984	0.001040609	0.000713149	0.003504988	0.001288494	0	0.000986366	0.009180307	0.006242906	0.019791885	0	0	0.006453656	0.006552442	0	0	0	0.002247843	0.002781158	0.001323311	0.000471193	0	0.000605083	0.003562696	0	0	0.000384043	0.000889071	0.000722644	0	0.001167542	0.000129848	0.00093633	0.001208842
39	Bacteria	Campylobacterota	Campylobacteria	Campylobacterales	Arcobacteraceae	0.260760091	0.001472081	0	0	0	0.007099868	0.045723554	0.000684633	0.000135128	0.005281322	0.000249934	0.004414456	0.043255335	0.010330426	0.000365364	0	0.000953412	0.000314215	0.033330436	0.00021173	0.002056115	0.003732565	0.013513514	0	0.000929496	0	0.000408046	0.009882369	0.103532616	0.000828438	0.001167542	0	0	0.000172692
71	Bacteria	Bacillota	Clostridia	Clostridiales	Clostridiaceae	0.000216382	0	0	0	0	0	0.117881724	0	0	0	0.000624835	0	0	0	0	0	0	0	0	0	0	0	0	0	0	0	0	0	0	0	0	0	0	0
62	Bacteria	Cyanobacteriota	Cyanobacteriia	Synechococcales	Cyanobiaceae	0.003521127	0.008908629	0.016183005	0.013750337	0.009502641	0.019324807	0.00232344	0.003329806	0.019025999	0.014667434	0.00340188	0.003247941	0.004632379	0.005858827	0.00520643	0.003273077	0.001133787	0.006646847	0.003302625	0.001958501	0.001370743	0.001964508	0.015933844	0.002165561	0.000929496	0.026219643	0.002304258	0.000615511	0.001167348	0.001255209	0.002335085	0.005929709	0.065102445	0.002187428
73	Bacteria	Thermodesulfobacteriota	Desulfovibrionia	Desulfovibrionales	Desulfovibrionaceae	0	0	0	0	0	0	0	0	0	0	0	9.15E-05	0	0	0	0	0	0	0	0	0	0	0	0	0.000275406	0	0	0	0	7.53E-05	8.98E-05	0	0.016688698	0
68	Bacteria	Pseudomonadota	Gammaproteobacteria	Burkholderiales	Alcaligenaceae	0.000196711	0.000126904	0.006692633	0.002318684	0.001352918	0.000423171	0	0	0.000702665	0	0	0	0	0	0	0	0	0.000386726	0.000999479	0	0	0	0	0.001536849	0	0	0	0	0	0	0.001436975	0.001514889	0	0
47	Bacteria	Pseudomonadota	Gammaproteobacteria	Enterobacterales	Alteromonadaceae	0.000786844	0.002944162	0.015030995	0.008304125	0.014721041	0.000658266	0.001227478	0.002582934	0.016053186	0.001071951	0.000208278	9.15E-05	0.008948014	0.036392615	0.002922908	0.017199701	0.004303236	0.001788606	0.000217278	0.002329028	0.001670593	0.001702574	0	0.001187565	0.00929496	0.037180314	0.001152129	0	0.000222352	0.001280313	0.007364498	0.039387119	0.008647279	0.015571034
60	Bacteria	Pseudomonadota	Gammaproteobacteria	Enterobacterales	Colwelliaceae	0.000236053	0	0.000548576	0.004259908	0.005991496	0.000141057	0	0	0.000945895	0.000183016	0	0	0.006216099	0.001136347	0.000776398	0.001454701	0.001674912	0.002537887	0.006170694	0.001005717	0.000257014	0	0.035094796	0	0.008985128	0.005372878	0.002328261	0	0.002056755	0.00030125	0.016480309	0.012508657	0	0.003885563
48	Bacteria	Pseudomonadota	Gammaproteobacteria	Enterobacterales	Moritellaceae	0	0	0	0	0.000515398	0	0.000504143	0	0	0	0.000138852	0	0.000237558	0	0.000867738	0	0	0.000217533	0	0	0	0	0	0	0.000378684	0.018267784	0	0.000991656	0	0	0	0	0.001707425	0
57	Bacteria	Pseudomonadota	Gammaproteobacteria	Enterobacterales	Pseudoalteromonadaceae	0.024667558	0.061218274	0.679686214	0.314855756	0.659096766	0.06037239	0.040682127	0.119157279	0.103237663	0.080396361	0.03951735	0.00436871	0.141010413	0.037587993	0.129726891	0.557963419	0.1504329	0.156623885	0.108595515	0.425947491	0.217905333	0.139676511	0.037111739	0.016835487	0.579041586	0.361057382	0.245739523	0.049753796	0.019066678	0.229150977	0.512910324	0.555271814	0.142377176	0.458899378
58	Bacteria	Pseudomonadota	Gammaproteobacteria	Enterobacterales	Shewanellaceae	0.000668817	0	0	0	0	0	0.002126167	0.000684633	0	0	0.000138852	0	0.003325811	0.00072313	0.000159847	0.000898492	0.001881055	0	0	0	0.001542086	0.001440639	0	0.020677611	0.003029468	0	9.60E-05	0	0.002028961	0	0.002514707	0	0	0
49	Bacteria	Pseudomonadota	Gammaproteobacteria	Enterobacterales	Vibrionaceae	0.666142104	0.911878173	0.071479511	0.544135886	0.277155006	0.732979124	0.468480119	0.858747744	0.795335387	0.823781636	0.928588289	0.960452882	0.615314566	0.884313986	0.616596639	0.409070489	0.732349	0.804727721	0.439987832	0.559760745	0.740372671	0.831903608	0.095603066	0.938456165	0.334446433	0.449387492	0.687124958	0.877137191	0.739820451	0.75804589	0.43010463	0.356431787	0.14871117	0.507195487
54	Bacteria	Pseudomonadota	Gammaproteobacteria	Ga0077536	Ga0077536	0.000157369	0.000507614	0.001645729	0.001995147	0.001320706	0.021111529	0.00028495	0.000155598	0	0.000575193	9.72E-05	0.000274474	0	0	9.13E-05	0	0.000927644	0.008314601	0.000173822	0.000952784	8.57E-05	0.000261934	0.015933844	0.008173245	0.000447535	0.003868472	0.000168019	0.000102585	0	0	0	8.66E-05	0.000991408	8.63E-05
50	Bacteria	Pseudomonadota	Gammaproteobacteria	Pseudomonadales	Nitrincolaceae	0.00411126	0.000380711	0.012946404	0.031544891	0	0.000658266	0.002279602	0	0	0	0	6.86E-05	0.010452548	0.000398459	0.010093168	0	0.088821892	0.000483407	0.016773857	0.000264662	0.006125509	0.003339663	0.010286406	0	0.039796199	0	0.000840094	0.00020517	0.016898746	0	0.004131304	0	0	0
37	Bacteria	Pseudomonadota	Gammaproteobacteria	Pseudomonadales	Saccharospirillaceae	0	0	0	0	0.002190439	0	0.007781334	0	0.005188909	0	0	0	0.0011284	0	0.004498539	0	0.000154607	0	0.003997914	0	0.001370743	0	0.004638967	0	0	0	0.00026403	0	0.024430918	0.000100417	0.000314338	0.000129848	0.006003525	0
5	Bacteria	Myxococcota	Polyangiia	Polyangiales	Sandaracinaceae	0.000157369	0	0	0	0.000450973	0.000799323	0.000328789	0	0	0	0.000277704	0	0	0	0.000228352	0	0	0.000990984	0	0	0	0	0.001613554	0	0	0.001504406	0	0	0	0	0	0	0.018836748	0
20	Bacteria	Verrucomicrobiota	Verrucomicrobiia	Verrucomicrobiales	Rubritaleaceae	0.000983555	0.000304569	0.000987438	0.000323537	0	0.005266128	0.000635658	0	0.000135128	0	0.001902276	0	0.000475116	0	0	0	0	0	0	0.000105865	0	0	0.000605083	0	0	0.001504406	4.80E-05	0	0	0	0	0	0.012998458	0
					total relative abundance	0.999606578	0.997817259	0.974326622	0.983176058	0.992107976	0.96863833	0.997479286	0.998132819	0.984190044	0.988783727	0.992849109	0.998353156	0.996001109	0.996502413	0.997191268	0.996619959	0.99963925	0.994344137	0.998174865	0.999047216	0.990576141	0.99672582	0.996772892	0.996157876	0.999483613	0.975284763	0.998583841	0.998153467	0.989632841	0.994200934	0.996407562	0.988659972	0.902291254	0.997064241